1   0.841471
1.019   0.851584
1.038   0.86139
1.057   0.870885
1.076   0.880065
1.095   0.888928
1.114   0.89747
1.133   0.905688
1.152   0.913579
1.171   0.92114
1.19   0.928369
1.209   0.935263
1.228   0.941818
1.247   0.948034
1.266   0.953908
1.285   0.959437
1.304   0.96462
1.323   0.969455
1.342   0.97394
1.361   0.978073
1.38   0.981854
1.399   0.985279
1.418   0.988349
1.437   0.991063
1.456   0.993418
1.475   0.995415
1.494   0.997053
1.513   0.99833
1.532   0.999248
1.551   0.999804
1.57   1
1.589   0.999834
1.608   0.999308
1.627   0.998421
1.646   0.997174
1.665   0.995566
1.684   0.993599
1.703   0.991274
1.722   0.98859
1.741   0.98555
1.76   0.982154
1.779   0.978404
1.798   0.9743
1.817   0.969845
1.836   0.965039
1.855   0.959885
1.874   0.954385
1.893   0.94854
1.912   0.942353
1.931   0.935825
1.95   0.92896
1.969   0.921759
1.988   0.914226
2.007   0.906362
2.026   0.898172
2.045   0.889657
2.064   0.880821
2.083   0.871667
2.102   0.862198
2.121   0.852418
2.14   0.84233
2.159   0.831939
2.178   0.821247
2.197   0.810258
2.216   0.798977
2.235   0.787408
2.254   0.775554
2.273   0.763421
2.292   0.751012
2.311   0.738331
2.33   0.725384
2.349   0.712176
2.368   0.69871
2.387   0.684992
2.406   0.671027
2.425   0.656819
2.444   0.642375
2.463   0.627698
2.482   0.612795
2.501   0.597671
2.52   0.582331
2.539   0.56678
2.558   0.551026
2.577   0.535072
2.596   0.518925
2.615   0.502591
2.634   0.486075
2.653   0.469384
2.672   0.452523
2.691   0.435499
2.71   0.418318
2.729   0.400986
2.748   0.383509
2.767   0.365893
2.786   0.348146
2.805   0.330273
2.824   0.312281
2.843   0.294175
2.862   0.275964
2.881   0.257653
2.9   0.239249
2.919   0.220759
2.938   0.202189
2.957   0.183546
2.976   0.164837
2.995   0.146068
3.014   0.127247
3.033   0.108379
3.052   0.0894728
3.071   0.070534
3.09   0.0515698
3.109   0.0325869
3.128   0.0135922
3.147   -0.00540732
3.166   -0.0244049
3.185   -0.0433937
3.204   -0.0623668
3.223   -0.0813175
3.242   -0.100239
3.261   -0.119124
3.28   -0.137966
3.299   -0.156758
3.318   -0.175494
3.337   -0.194166
3.356   -0.212768
3.375   -0.231294
3.394   -0.249736
3.413   -0.268088
3.432   -0.286343
3.451   -0.304494
3.47   -0.322536
3.489   -0.340461
3.508   -0.358264
3.527   -0.375937
3.546   -0.393474
3.565   -0.410869
3.584   -0.428116
3.603   -0.445209
3.622   -0.46214
3.641   -0.478905
3.66   -0.495497
3.679   -0.511911
3.698   -0.528139
3.717   -0.544177
3.736   -0.560018
3.755   -0.575657
3.774   -0.591088
3.793   -0.606306
3.812   -0.621305
3.831   -0.63608
3.85   -0.650625
3.869   -0.664935
3.888   -0.679006
3.907   -0.692831
3.926   -0.706406
3.945   -0.719726
3.964   -0.732786
3.983   -0.745582
4.002   -0.758108
4.021   -0.770361
4.04   -0.782336
4.059   -0.794028
4.078   -0.805434
4.097   -0.816549
4.116   -0.827369
4.135   -0.837891
4.154   -0.84811
4.173   -0.858023
4.192   -0.867626
4.211   -0.876916
4.23   -0.885889
4.249   -0.894543
4.268   -0.902874
4.287   -0.910878
4.306   -0.918554
4.325   -0.925899
4.344   -0.932909
4.363   -0.939582
4.382   -0.945916
4.401   -0.951909
4.42   -0.957558
4.439   -0.962861
4.458   -0.967817
4.477   -0.972424
4.496   -0.976679
4.515   -0.980582
4.534   -0.984131
4.553   -0.987324
4.572   -0.990162
4.591   -0.992641
4.61   -0.994763
4.629   -0.996525
4.648   -0.997928
4.667   -0.99897
4.686   -0.999652
4.705   -0.999973
4.724   -0.999933
4.743   -0.999532
4.762   -0.99877
4.781   -0.997647
4.8   -0.996165
4.819   -0.994322
4.838   -0.992121
4.857   -0.989562
4.876   -0.986646
4.895   -0.983373
4.914   -0.979745
4.933   -0.975764
4.952   -0.97143
4.971   -0.966746
4.99   -0.961713
5.009   -0.956333
5.028   -0.950607
5.047   -0.944538
5.066   -0.938128
5.085   -0.93138
5.104   -0.924295
5.123   -0.916877
5.142   -0.909128
5.161   -0.90105
5.18   -0.892648
5.199   -0.883923
5.218   -0.874879
5.237   -0.865519
5.256   -0.855847
5.275   -0.845865
5.294   -0.835579
5.313   -0.82499
5.332   -0.814104
5.351   -0.802924
5.37   -0.791455
5.389   -0.779699
5.408   -0.767662
5.427   -0.755348
5.446   -0.742761
5.465   -0.729907
5.484   -0.716788
5.503   -0.703411
5.522   -0.68978
5.541   -0.6759
5.56   -0.661776
5.579   -0.647413
5.598   -0.632817
5.617   -0.617991
5.636   -0.602943
5.655   -0.587677
5.674   -0.5722
5.693   -0.556515
5.712   -0.54063
5.731   -0.524549
5.75   -0.508279
5.769   -0.491826
5.788   -0.475195
5.807   -0.458392
5.826   -0.441424
5.845   -0.424297
5.864   -0.407016
5.883   -0.389589
5.902   -0.372021
5.921   -0.354319
5.94   -0.336488
5.959   -0.318537
5.978   -0.30047
5.997   -0.282295
6.016   -0.264018
6.035   -0.245645
6.054   -0.227184
6.073   -0.208641
6.092   -0.190023
6.111   -0.171336
6.13   -0.152587
6.149   -0.133783
6.168   -0.114931
6.187   -0.0960371
6.206   -0.0771087
6.225   -0.0581525
6.244   -0.0391753
6.263   -0.0201839
6.282   -0.00118531
6.301   0.0178138
6.32   0.0368064
6.339   0.0557857
6.358   0.0747449
6.377   0.0936771
6.396   0.112576
6.415   0.131433
6.434   0.150244
6.453   0.169
6.472   0.187695
6.491   0.206322
6.51   0.224875
6.529   0.243347
6.548   0.26173
6.567   0.28002
6.586   0.298208
6.605   0.316289
6.624   0.334255
6.643   0.352101
6.662   0.369819
6.681   0.387405
6.7   0.40485
6.719   0.422149
6.738   0.439296
6.757   0.456284
6.776   0.473108
6.795   0.48976
6.814   0.506236
6.833   0.522529
6.852   0.538634
6.871   0.554544
6.89   0.570254
6.909   0.585758
6.928   0.60105
6.947   0.616126
6.966   0.630979
6.985   0.645605
7.004   0.659997
7.023   0.674151
7.042   0.688062
7.061   0.701724
7.08   0.715133
7.099   0.728284
7.118   0.741172
7.137   0.753793
7.156   0.766141
7.175   0.778213
7.194   0.790003
7.213   0.801509
7.232   0.812725
7.251   0.823648
7.27   0.834274
7.289   0.844598
7.308   0.854618
7.327   0.864329
7.346   0.873728
7.365   0.882812
7.384   0.891577
7.403   0.90002
7.422   0.908138
7.441   0.915928
7.46   0.923388
7.479   0.930514
7.498   0.937305
7.517   0.943757
7.536   0.949868
7.555   0.955637
7.574   0.961061
7.593   0.966137
7.612   0.970865
7.631   0.975242
7.65   0.979268
7.669   0.98294
7.688   0.986257
7.707   0.989218
7.726   0.991822
7.745   0.994067
7.764   0.995954
7.783   0.997482
7.802   0.998649
7.821   0.999456
7.84   0.999902
7.859   0.999987
7.878   0.999712
7.897   0.999075
7.916   0.998077
7.935   0.99672
7.954   0.995002
7.973   0.992926
7.992   0.990491
8.011   0.987698
8.03   0.984549
8.049   0.981044
8.068   0.977185
8.087   0.972974
8.106   0.968411
8.125   0.963499
8.144   0.958239
8.163   0.952633
8.182   0.946683
8.201   0.940391
8.22   0.93376
8.239   0.926792
8.258   0.919489
8.277   0.911854
8.296   0.90389
8.315   0.8956
8.334   0.886986
8.353   0.878053
8.372   0.868802
8.391   0.859238
8.41   0.849363
8.429   0.839182
8.448   0.828698
8.467   0.817915
8.486   0.806837
8.505   0.795467
8.524   0.78381
8.543   0.77187
8.562   0.759652
8.581   0.747159
8.6   0.734397
8.619   0.72137
8.638   0.708082
8.657   0.694538
8.676   0.680744
8.695   0.666704
8.714   0.652424
8.733   0.637907
8.752   0.623161
8.771   0.60819
8.79   0.592999
8.809   0.577594
8.828   0.56198
8.847   0.546164
8.866   0.53015
8.885   0.513946
8.904   0.497555
8.923   0.480985
8.942   0.464241
8.961   0.44733
8.98   0.430257
8.999   0.413029
9.018   0.395652
9.037   0.378132
9.056   0.360476
9.075   0.342689
9.094   0.324779
9.113   0.306751
9.132   0.288613
9.151   0.270371
9.17   0.252031
9.189   0.233599
9.208   0.215084
9.227   0.196491
9.246   0.177827
9.265   0.159099
9.284   0.140313
9.303   0.121477
9.322   0.102597
9.341   0.08368
9.36   0.0647327
9.379   0.045762
9.398   0.0267748
9.417   0.00777788
9.436   -0.0112218
9.455   -0.0302174
9.474   -0.0492022
9.493   -0.0681691
9.512   -0.0871115
9.531   -0.106022
9.55   -0.124895
9.569   -0.143723
9.588   -0.162498
9.607   -0.181215
9.626   -0.199867
9.645   -0.218446
9.664   -0.236947
9.683   -0.255362
9.702   -0.273685
9.721   -0.291909
9.74   -0.310028
9.759   -0.328034
9.778   -0.345923
9.797   -0.363686
9.816   -0.381318
9.835   -0.398813
9.854   -0.416164
9.873   -0.433364
9.892   -0.450408
9.911   -0.467289
9.93   -0.484002
9.949   -0.50054
9.968   -0.516897
9.987   -0.533068
10.006   -0.549046
10.025   -0.564826
10.044   -0.580402
10.063   -0.595768
10.082   -0.61092
10.101   -0.625851
10.12   -0.640556
10.139   -0.65503
10.158   -0.669267
10.177   -0.683263
10.196   -0.697012
10.215   -0.71051
10.234   -0.723751
10.253   -0.73673
10.272   -0.749444
10.291   -0.761887
10.31   -0.774056
10.329   -0.785944
10.348   -0.797549
10.367   -0.808867
10.386   -0.819892
10.405   -0.830621
10.424   -0.84105
10.443   -0.851176
10.462   -0.860995
10.481   -0.870502
10.5   -0.879696
10.519   -0.888572
10.538   -0.897127
10.557   -0.905358
10.576   -0.913262
10.595   -0.920837
10.614   -0.92808
10.633   -0.934987
10.652   -0.941557
10.671   -0.947787
10.69   -0.953674
10.709   -0.959218
10.728   -0.964415
10.747   -0.969264
10.766   -0.973763
10.785   -0.977911
10.804   -0.981706
10.823   -0.985146
10.842   -0.988231
10.861   -0.990959
10.88   -0.993329
10.899   -0.99534
10.918   -0.996993
10.937   -0.998285
10.956   -0.999217
10.975   -0.999788
10.994   -0.999999
11.013   -0.999848
11.032   -0.999337
11.051   -0.998464
11.07   -0.997232
11.089   -0.995639
11.108   -0.993687
11.127   -0.991376
11.146   -0.988707
11.165   -0.985682
11.184   -0.9823
11.203   -0.978564
11.222   -0.974475
11.241   -0.970034
11.26   -0.965243
11.279   -0.960103
11.298   -0.954617
11.317   -0.948786
11.336   -0.942613
11.355   -0.936099
11.374   -0.929247
11.393   -0.92206
11.412   -0.914541
11.431   -0.906691
11.45   -0.898513
11.469   -0.890012
11.488   -0.881189
11.507   -0.872048
11.526   -0.862592
11.545   -0.852825
11.564   -0.842749
11.583   -0.83237
11.602   -0.82169
11.621   -0.810714
11.64   -0.799445
11.659   -0.787887
11.678   -0.776045
11.697   -0.763923
11.716   -0.751525
11.735   -0.738856
11.754   -0.72592
11.773   -0.712722
11.792   -0.699266
11.811   -0.685559
11.83   -0.671603
11.849   -0.657406
11.868   -0.642971
11.887   -0.628304
11.906   -0.61341
11.925   -0.598294
11.944   -0.582963
11.963   -0.567421
11.982   -0.551675
12.001   -0.535729
12.02   -0.51959
12.039   -0.503263
12.058   -0.486755
12.077   -0.47007
12.096   -0.453217
12.115   -0.436199
12.134   -0.419024
12.153   -0.401698
12.172   -0.384227
12.191   -0.366617
12.21   -0.348875
12.229   -0.331007
12.248   -0.313019
12.267   -0.294919
12.286   -0.276712
12.305   -0.258405
12.324   -0.240005
12.343   -0.221518
12.362   -0.202951
12.381   -0.184311
12.4   -0.165604
12.419   -0.146838
12.438   -0.128018
12.457   -0.109153
12.476   -0.0902477
12.495   -0.07131
12.514   -0.0523467
12.533   -0.0333644
12.552   -0.0143701
12.571   0.00462937
12.59   0.0236272
12.609   0.0426165
12.628   0.0615904
12.647   0.0805421
12.666   0.0994646
12.685   0.118351
12.704   0.137195
12.723   0.15599
12.742   0.174728
12.761   0.193403
12.78   0.212008
12.799   0.230537
12.818   0.248982
12.837   0.267338
12.856   0.285597
12.875   0.303753
12.894   0.321799
12.913   0.33973
12.932   0.357537
12.951   0.375216
12.97   0.392759
12.989   0.41016
13.008   0.427413
13.027   0.444512
13.046   0.46145
13.065   0.478222
13.084   0.494821
13.103   0.511242
13.122   0.527478
13.141   0.543524
13.16   0.559373
13.179   0.575021
13.198   0.590461
13.217   0.605687
13.236   0.620695
13.255   0.63548
13.274   0.650034
13.293   0.664354
13.312   0.678434
13.331   0.69227
13.35   0.705855
13.369   0.719186
13.388   0.732256
13.407   0.745063
13.426   0.757601
13.445   0.769865
13.464   0.781851
13.483   0.793555
13.502   0.804973
13.521   0.8161
13.54   0.826932
13.559   0.837466
13.578   0.847697
13.597   0.857623
13.616   0.867239
13.635   0.876542
13.654   0.885528
13.673   0.894195
13.692   0.902539
13.711   0.910557
13.73   0.918246
13.749   0.925604
13.768   0.932628
13.787   0.939315
13.806   0.945664
13.825   0.95167
13.844   0.957333
13.863   0.962651
13.882   0.967621
13.901   0.972242
13.92   0.976512
13.939   0.980429
13.958   0.983992
13.977   0.987201
13.996   0.990052
14.015   0.992547
14.034   0.994683
14.053   0.99646
14.072   0.997877
14.091   0.998934
14.11   0.999631
14.129   0.999967
14.148   0.999941
14.167   0.999555
14.186   0.998808
14.205   0.9977
14.224   0.996232
14.243   0.994405
14.262   0.992218
14.281   0.989674
14.3   0.986772
14.319   0.983514
14.338   0.979901
14.357   0.975934
14.376   0.971615
14.395   0.966945
14.414   0.961926
14.433   0.95656
14.452   0.950848
14.471   0.944793
14.49   0.938397
14.509   0.931663
14.528   0.924592
14.547   0.917187
14.566   0.909452
14.585   0.901388
14.604   0.892998
14.623   0.884286
14.642   0.875255
14.661   0.865908
14.68   0.856249
14.699   0.84628
14.718   0.836006
14.737   0.82543
14.756   0.814556
14.775   0.803388
14.794   0.79193
14.813   0.780186
14.832   0.768161
14.851   0.755858
14.87   0.743282
14.889   0.730438
14.908   0.71733
14.927   0.703964
14.946   0.690343
14.965   0.676473
14.984   0.662359
15.003   0.648006
15.022   0.633419
15.041   0.618603
15.06   0.603564
15.079   0.588307
15.098   0.572837
15.117   0.557161
15.136   0.541284
15.155   0.525211
15.174   0.508949
15.193   0.492503
15.212   0.475879
15.231   0.459083
15.25   0.442122
15.269   0.425001
15.288   0.407727
15.307   0.390305
15.326   0.372743
15.345   0.355046
15.364   0.337221
15.383   0.319274
15.402   0.301212
15.421   0.283041
15.44   0.264768
15.459   0.246399
15.478   0.227942
15.497   0.209402
15.516   0.190786
15.535   0.172102
15.554   0.153356
15.573   0.134554
15.592   0.115704
15.611   0.0968114
15.63   0.0778843
15.649   0.0589291
15.668   0.0399526
15.687   0.0209617
15.706   0.00196327
15.725   -0.0170359
15.744   -0.0360289
15.763   -0.055009
15.782   -0.0739691
15.801   -0.0929026
15.82   -0.111802
15.839   -0.130662
15.858   -0.149474
15.877   -0.168233
15.896   -0.186931
15.915   -0.205561
15.934   -0.224117
15.953   -0.242592
15.972   -0.26098
15.991   -0.279273
16.01   -0.297465
16.029   -0.31555
16.048   -0.333522
16.067   -0.351373
16.086   -0.369097
16.105   -0.386687
16.124   -0.404138
16.143   -0.421444
16.162   -0.438597
16.181   -0.455592
16.2   -0.472422
16.219   -0.489082
16.238   -0.505565
16.257   -0.521866
16.276   -0.537978
16.295   -0.553896
16.314   -0.569614
16.333   -0.585127
16.352   -0.600428
16.371   -0.615513
16.39   -0.630375
16.409   -0.64501
16.428   -0.659412
16.447   -0.673576
16.466   -0.687497
16.485   -0.70117
16.504   -0.714589
16.523   -0.727751
16.542   -0.74065
16.561   -0.753281
16.58   -0.765641
16.599   -0.777724
16.618   -0.789526
16.637   -0.801044
16.656   -0.812272
16.675   -0.823207
16.694   -0.833845
16.713   -0.844182
16.732   -0.854214
16.751   -0.863938
16.77   -0.873349
16.789   -0.882446
16.808   -0.891224
16.827   -0.89968
16.846   -0.907812
16.865   -0.915616
16.884   -0.923089
16.903   -0.930229
16.922   -0.937033
16.941   -0.943499
16.96   -0.949625
16.979   -0.955408
16.998   -0.960845
17.017   -0.965936
17.036   -0.970678
17.055   -0.97507
17.074   -0.97911
17.093   -0.982796
17.112   -0.986128
17.131   -0.989103
17.15   -0.991722
17.169   -0.993982
17.188   -0.995884
17.207   -0.997426
17.226   -0.998609
17.245   -0.99943
17.264   -0.999891
17.283   -0.999991
17.302   -0.99973
17.321   -0.999108
17.34   -0.998125
17.359   -0.996782
17.378   -0.99508
17.397   -0.993018
17.416   -0.990597
17.435   -0.987819
17.454   -0.984685
17.473   -0.981195
17.492   -0.97735
17.511   -0.973153
17.53   -0.968605
17.549   -0.963707
17.568   -0.958461
17.587   -0.952869
17.606   -0.946933
17.625   -0.940655
17.644   -0.934038
17.663   -0.927083
17.682   -0.919794
17.701   -0.912173
17.72   -0.904223
17.739   -0.895946
17.758   -0.887345
17.777   -0.878425
17.796   -0.869187
17.815   -0.859636
17.834   -0.849774
17.853   -0.839605
17.872   -0.829133
17.891   -0.818363
17.91   -0.807296
17.929   -0.795938
17.948   -0.784293
17.967   -0.772365
17.986   -0.760158
18.005   -0.747676
18.024   -0.734925
18.043   -0.721908
18.062   -0.708631
18.081   -0.695098
18.1   -0.681314
18.119   -0.667284
18.138   -0.653013
18.157   -0.638506
18.176   -0.623769
18.195   -0.608807
18.214   -0.593625
18.233   -0.578229
18.252   -0.562624
18.271   -0.546815
18.29   -0.53081
18.309   -0.514613
18.328   -0.49823
18.347   -0.481667
18.366   -0.46493
18.385   -0.448026
18.404   -0.43096
18.423   -0.413738
18.442   -0.396367
18.461   -0.378852
18.48   -0.361201
18.499   -0.34342
18.518   -0.325515
18.537   -0.307492
18.556   -0.289358
18.575   -0.27112
18.594   -0.252783
18.613   -0.234356
18.632   -0.215844
18.651   -0.197254
18.67   -0.178593
18.689   -0.159867
18.708   -0.141084
18.727   -0.122249
18.746   -0.103371
18.765   -0.0844552
18.784   -0.065509
18.803   -0.0465391
18.822   -0.0275524
18.841   -0.00855582
18.86   0.0104439
18.879   0.0294398
18.898   0.0484251
18.917   0.067393
18.936   0.0863365
18.955   0.105249
18.974   0.124123
18.993   0.142953
19.012   0.161731
19.031   0.18045
19.05   0.199105
19.069   0.217687
19.088   0.236191
19.107   0.25461
19.126   0.272936
19.145   0.291165
19.164   0.309288
19.183   0.327299
19.202   0.345193
19.221   0.362961
19.24   0.380599
19.259   0.398099
19.278   0.415456
19.297   0.432663
19.316   0.449713
19.335   0.466601
19.354   0.483321
19.373   0.499866
19.392   0.516231
19.411   0.532409
19.43   0.548395
19.449   0.564184
19.468   0.579768
19.487   0.595143
19.506   0.610304
19.525   0.625244
19.544   0.639958
19.563   0.654442
19.582   0.668689
19.601   0.682695
19.62   0.696454
19.639   0.709962
19.658   0.723213
19.677   0.736204
19.696   0.748929
19.715   0.761383
19.734   0.773563
19.753   0.785463
19.772   0.79708
19.791   0.808409
19.81   0.819446
19.829   0.830188
19.848   0.840629
19.867   0.850768
19.886   0.860599
19.905   0.870119
19.924   0.879326
19.943   0.888214
19.962   0.896783
19.981   0.905027
20   0.912945
